0.000281
0.000381
0.000027
0.000052
0.000165
0.000186
0.000079
0.003714
0.000148
0.000074
0.000310
0.000113
0.000185
0.000141
0.000082
0.009527
0.000007
0.000026
0.000172
0.005443
0.000056
0.000044
0.000364
0.000352
0.000073
0.000053
0.000230
0.000004
0.003605
0.000220
0.000371
0.000001
0.000064
0.000080
0.001174
0.000773
0.000005
0.000277
0.231505
0.000335
0.000049
0.000051
0.000028
0.000014
0.000025
0.000050
0.000386
0.000133
0.000211
0.000095
0.008668
0.000033
0.001199
0.000055
0.000318
0.000016
0.000018
0.000188
0.000289
0.000068
0.000512
0.000017
0.001387
0.000072
0.000029
0.000009
0.000134
0.000154
0.000016
0.000457
0.000389
0.000091
0.000030
0.000028
0.000283
0.000403
0.000040
0.000800
0.000032
0.000474
0.000222
0.000059
0.002106
0.000132
0.000170
0.000069
0.000009
0.000048
0.001257
0.000252
0.000461
0.000067
0.000131
0.000242
0.001398
0.000810
0.003174
0.000127
0.000472
0.000011
0.000591
0.000247
0.000027
0.000031
0.000714
0.000035
0.000212
0.000001
0.000432
0.002460
0.000055
0.000487
0.001186
0.000090
0.000048
0.003924
0.000033
0.000020
0.000047
0.000873
0.000196
0.000009
0.000160
0.000011
0.000115
0.000215
0.001387
0.000055
0.000003
0.000002
0.000235
0.000022
0.001666
0.000322
0.000030
0.000047
0.000199
0.000779
0.000005
0.000002
0.010143
0.000096
0.000007
0.000021
0.000030
0.001600
0.000142
0.000229
0.001277
0.000071
0.000831
0.001664
0.002182
0.000709
0.000096
0.000049
0.000147
0.000193
0.000162
0.000032
0.000496
0.000166
0.000245
0.000038
0.000003
0.000067
0.000026
0.000140
0.000010
0.000149
0.000157
0.000025
0.000751
0.000105
0.000027
0.000062
0.001818
0.003276
0.004127
0.000015
0.000015
0.001112
0.000597
0.000102
0.000003
0.000010
0.010742
0.000409
0.000194
0.000474
0.003291
0.000036
0.002337
0.000051
0.000022
0.000054
0.000001
0.000018
0.000054
0.000023
0.000023
0.000192
0.000401
0.000005
0.000067
0.000018
0.000008
0.001032
0.000302
0.000362
0.000042
0.000189
0.000123
0.000413
0.000186
0.000044
0.000002
0.000917
0.000027
0.000119
0.000714
0.000001
0.000012
0.000017
0.000061
0.000095
0.000218
0.000075
0.000015
0.000007
0.000009
0.000176
0.000166
0.000138
0.000585
0.030926
0.000009
0.000309
0.000104
0.000283
0.000010
0.000020
0.000007
0.000110
0.000007
0.000011
0.004387
0.002677
0.000027
0.000376
0.000006
0.001604
0.000129
0.000117
0.000113
0.000334
0.000221
0.000022
0.000180
0.000212
0.000160
0.000019
0.000054
0.001707
0.000123
0.000038
0.000005
0.000150
0.000045
0.000065
0.000283
0.000215
0.000766
0.003961
0.000470
0.000060
0.000008
0.000291
0.003309
0.000012
0.000010
0.000040
0.000151
0.000060
0.000027
0.000014
0.000003
0.001764
0.000118
0.000305
0.000018
0.000038
0.000012
0.001513
0.000927
0.000542
0.000038
0.000222
0.000202
0.000017
0.000005
0.000085
0.000052
0.000381
0.008978
0.000169
0.000138
0.000328
0.000036
0.000014
0.000605
0.000078
0.000070
0.000169
0.000352
0.000245
0.000043
0.000021
0.000453
0.000022
0.000043
0.000382
0.000009
0.000212
0.000121
0.000058
0.000049
0.000654
0.000006
0.000028
0.000324
0.000170
0.062372
0.000404
0.001884
0.000648
0.000017
0.000307
0.000107
0.000140
0.000109
0.000030
0.000559
0.000042
0.000053
0.000937
0.000016
0.000002
0.000040
0.000044
0.000176
0.002138
0.000009
0.000015
0.000119
0.000204
0.000052
0.000026
0.000033
0.000450
0.000007
0.000100
0.000038
0.000428
0.000697
0.000363
0.000246
0.000057
0.000172
0.000384
0.000028
0.000911
0.001282
0.000167
0.000427
0.000166
0.001924
0.001504
0.000177
0.001486
0.002948
0.000470
0.000016
0.000026
0.000050
0.000056
0.000157
0.002543
0.000013
0.000024
0.000020
0.000020
0.001365
0.000002
0.000003
0.000090
0.004207
0.000001
0.000057
0.000001
0.001088
0.000054
0.000007
0.000267
0.000038
0.001296
0.000930
0.000053
0.000032
0.000014
0.000015
0.000034
0.000016
0.000052
0.000262
0.010599
0.000151
0.000231
0.000054
0.000028
0.000007
0.000001
0.000088
0.000234
0.000183
0.000114
0.000118
0.000292
0.000035
0.000219
0.000184
0.000001
0.000160
0.000028
0.000038
0.000009
0.000193
0.000019
0.000017
0.005236
0.000023
0.000216
0.000708
0.000017
0.000235
0.000023
0.000065
0.009315
0.000448
0.000040
0.005996
0.000003
0.000289
0.000185
0.010190
0.000052
0.000102
0.000471
0.002327
0.001214
0.000141
0.000210
0.000764
0.000058
0.000181
0.000005
0.000150
0.000109
0.000008
0.000035
0.000018
0.000055
0.000034
0.000491
0.000061
0.000303
0.000003
0.000674
0.000012
0.000027
0.000065
0.000024
0.000228
0.000051
0.000048
0.000088
0.000160
0.000085
0.000014
0.000367
0.000045
0.000744
0.000579
0.000187
0.000163
0.000090
0.000500
0.000030
0.000035
0.003100
0.000188
0.000326
0.000467
0.000017
0.000014
0.000066
0.000009
0.000020
0.000006
0.000020
0.000007
0.000233
0.000198
0.000171
0.001101
0.000006
0.001661
0.000165
0.000276
0.000084
0.000041
0.000199
0.001554
0.000021
0.000021
0.000673
0.000073
0.000080
0.000009
0.000195
0.003380
0.000160
0.002498
0.004472
0.000074
0.000676
0.000055
0.001514
0.000121
0.000966
0.000005
0.001597
0.000088
0.000058
0.000015
0.000009
0.000476
0.001585
0.000136
0.000227
0.000039
0.000004
0.000265
0.000100
0.000026
0.000033
0.000044
0.000010
0.000004
0.000024
0.000125
0.005896
0.000034
0.000045
0.000365
0.000476
0.000372
0.000110
0.000648
0.000105
0.000063
0.000057
0.000439
0.000665
0.004021
0.000518
0.000854
0.000225
0.000053
0.004416
0.001394
0.000092
0.000023
0.000002
0.000083
0.000070
0.000040
0.001475
0.000077
0.000364
0.001489
0.000010
0.000111
0.006708
0.001824
0.000020
0.000428
0.000070
0.000009
0.000009
0.004104
0.000041
0.000519
0.000193
0.000042
0.000078
0.000050
0.000713
0.000051
0.000119
0.000099
0.000011
0.000562
0.000363
0.000048
0.000294
0.000001
0.000015
0.000079
0.000231
0.000017
0.000280
0.000026
0.000020
0.000043
0.000955
0.000259
0.000026
0.000131
0.000352
0.000271
0.000259
0.000562
0.000101
0.000092
0.000004
0.000004
0.000072
0.000150
0.000302
0.000502
0.000066
0.001612
0.000149
0.000133
0.000108
0.000957
0.000048
0.000531
0.000004
0.000037
0.000022
0.000059
0.000004
0.001388
0.000042
0.000410
0.000044
0.000073
0.000035
0.000015
0.000002
0.000011
0.000082
0.000111
0.000031
0.004743
0.000013
0.000142
0.000023
0.000012
0.000063
0.000017
0.000041
0.000022
0.000102
0.000015
0.000557
0.000046
0.000043
0.000092
0.000013
0.001183
0.001566
0.004443
0.000025
0.000063
0.000053
0.000442
0.000070
0.034391
0.000251
0.000057
0.000003
0.000422
0.000051
0.000078
0.002226
0.000069
0.000089
0.000149
0.004724
0.000133
0.000146
0.000038
0.000037
0.004863
0.000014
0.000011
0.000079
0.000090
0.000030
0.000650
0.000049
0.000209
0.000072
0.000027
0.000108
0.000007
0.000096
0.000249
0.001511
0.000326
0.000008
0.000059
0.000934
0.000410
0.000562
0.000036
0.001178
0.022315
0.000009
0.000196
0.000011
0.000043
0.000009
0.000020
0.000693
0.000104
0.006009
0.000017
0.000115
0.000003
0.000724
0.000207
0.000040
0.004415
0.000429
0.000183
0.000029
0.000026
0.000004
0.000002
0.000057
0.001165
0.000359
0.000407
0.000056
0.000212
0.000001
0.000606
0.000025
0.000156
0.002960
0.000044
0.003132
0.000279
0.000026
0.000047
0.000067
0.000129
0.000006
0.000726
0.000777
0.000071
0.000283
0.001538
0.000008
0.001715
0.000104
0.000931
0.000004
0.011918
0.001559
0.000437
0.000002
0.000039
0.000011
0.000048
0.000247
0.000793
0.019285
0.000689
0.000071
0.000018
0.000231
0.000085
0.000103
0.000052
0.002691
0.000066
0.000052
0.000224
0.000540
0.000013
0.000061
0.000143
0.000545
0.000095
0.000059
0.000029
0.000442
0.000039
0.009838
0.014905
0.003178
0.000023
0.000165
0.011297
0.000440
0.000166
0.000039
0.004303
0.000030
0.003322
0.000124
0.000871
0.000206
0.000863
0.001193
0.000634
0.000109
0.000189
0.000021
0.000091
0.000049
0.000359
0.001418
0.000182
0.000973
0.000005
0.000129
0.000089
0.000330
0.000074
0.000077
0.000266
0.000003
0.000110
0.000049
0.000047
0.005996
0.000374
0.000085
0.000043
0.000377
0.000125
0.000435
0.000297
0.000015
0.000434
0.002546
0.011409
0.000304
0.000243
0.000006
0.000038
0.000005
0.000052
0.002041
0.001075
0.000138
0.000003
0.000907
0.003246
0.000177
0.000087
0.000022
0.000069
0.000582
0.000019
0.000013
0.000471
0.000010
0.000429
0.000155
0.000028
0.000118
0.000106
0.007395
0.001229
0.000116
0.000154
0.000133
0.000004
0.000257
0.000368
0.000071
0.000040
0.000059
0.000061
0.002209
0.000160
0.000034
0.000001
0.000198
0.000114
0.000243
0.000008
0.000004
0.000384
0.000058
0.000023
0.000125
0.001397
0.000031
0.000040
0.000016
0.000027
0.000283
0.005408
0.000631
0.000028
0.000196
0.000045
0.000730
0.000117
0.000281
0.000004
0.000040
0.000133
0.000080
0.000012
0.000015
0.000635
0.000781
0.000195
0.002074
0.001846
0.000290
0.000177
0.009072
0.000091
0.000011
0.000961
0.000005
0.000302
0.000462
0.000180
0.000034
0.000001
0.000842
0.000085
0.002887
0.000008
0.000096
0.002556
0.000096
0.000191
0.000002
0.000090
0.000427
0.000080
0.000053
0.003716
0.000202
0.000285
0.000006
0.000006
0.000451
0.000045
0.000046
0.000153
0.000101
0.000007
0.000265
0.000367
0.000003
0.000051
0.000015
0.000124
0.000024
0.000023
0.000140
0.000015
0.000148
0.000274
0.000222
0.000594
0.000169
0.000525
0.001820
0.001889
0.000144
0.000040
0.000070
0.000048
0.017213
0.000033
0.000027
